10,7,
2220222022202220
2220222022202220
2220222022202220
2220222022202220
1210221012102210
1210221012102210
1210221012102210
4011111111111120
1110201111202011
1110201111201022
1110201111202011
1110201122111000
1110201111202011
1110201111201022
1110201111202011
1110201122111000
1120102210201122
1000001022222222
1010200010102011
1010201010102012
1010200010102011
1010201010102012
1010200010102011
1010201010102012
1010202210102211
1040000011101111
1010201110102011
1010201110102012
1010201110102011
1010201110201122
1020102210201120
1020102210201121
1020102210201120
1010200021212121
2000201010002000
1010201011102220
1000201010002000
1010201011102211
1000201010002000
1020201011102220
1010201011102010
1020201011202022
1020102210201121
1020102210201122
1110111011111111
5000000600000000
1021102211011020
1021102211011020
1021102211211020
1021102211211020
1021102211011020
1021102211011020
1021102211211020
1021100011221121
1020112010221020
1020112011211020
1020112010221020
1020112011211020
1021102010211120
1021102011211120
1021102010211120
1021102011211000
1111102011211022
1121102111211120
1111102011211022
1121102111211120
1111102011211022
1120112011201121
1010021110100211
1021101012221210
3000203000202010
3000021000102010
3000203000202010
3000203000102011
1020202010202020
1222222250006000
1122121211221212
1122112211211211
2211221122112211
1122112211211211
2022112110112211
1011201110112110
2211211011221110
1122121211221212
1122112212212212
2212121122121211
1122112212212212
1222121212221212
10000000
0
