0
1102201102201120
1102201102201120
1102201102201120
1102112000400000
1022102010221020
1011201012212010
1022102010221020
2011102011211011
1022102010221020
1011201012212010
1011201020112010
2012212010010010
1022102010221020
1011201012212210
1022102010221020
2011102011211211
1022102010221020
1011201012212210
1011201020112010
2011201112212210
12211221
100000200200100200200200100000000000000000000000
1022102011201020
2012102011202000
1022102011201020
2012102010221000
1022102011201020
2012102011202000
1022102011221020
30303030
1020112010210120
1020112010210120
1020112010210120
30334000
4012001040120010
3012001040120010
4012001040120010
4011201030304022
1102201102201120
1102201102201120
1102201102201120
1102201102201120
1112201112201120
1112201112201120
1112201112201120
30
12
2220
12
2220
10222020
10222000
12211221
1221122110004000
1022102010221020
1011201012212210
1022102010221020
2011102011211211
1022102010221020
1011201012212210
1011201020112010
2011201112212211
1020201110202011
100000200200100200200200100000000000000000000000
1022102011201020
2012102011202000
1022102011201020
2012102010221000
1022102011201020
2012102011202000
1022102010201122
200000100200100000200000101010100000400000000000
100000202020100000200000100100200000100000200000
2012102011222000
100000202020100000200000100100200000100000200000
2012102011221000
100000202020100000200000100100200000100000200000
2012102011222000
100000202020100000200000100100200200100100200000
30303030
1102201102201120
1102201102201120
1102201102201120
1102112000003000
