00
00
00
00
10
11
10
10
11
1011
11
10
30
30
1110111011102000
1110111011102000
1110111011102000
1110111010001010
10111011
1001101020001010
10111011
1001101020001010
10101011
10113011
10101011
10114011
10111011
1001101020001010
10111011
1001101020001010
10101011
10113011
10101011
1010202011101011
10101011
1000100010201110
10101011
1110020011100200
10101011
1000100010201110
33
30
1110111011102000
1110111011102000
1110111010000000
1001101010102000
1001101010102000
1001101010102000
1001101010102000
1001101011101010
1001101011101110
1001101011101010
1001101011101110
1001101010102000
1001101010102000
1001101010102000
1001101010102000
1001101011101010
1001101011101110
1001101011101010
1022010011101011
10101011
1000100010201110
10101011
1110020011100200
10101011
1000100010201110
33
30
1110111011102220
1110111011102220
1110111010000000
30
