8,8,8,5,5,5,5,
0
0
0
0
10000000
10001000
10000000
10000000
10001000
1000000010001000
10001000
10000000
30000000
30000000
1110111011102220
1110111011102220
1110111011102220
1110111010001010
12111011
1001101022201110
12111011
1001101022201110
1022102210221020
50006011
1022102210221020
50006011
12111011
1001101022201110
12111011
1001101022201110
1022102210221020
50006011
1022102210221020
1110111011101011
10101011
1000100010201110
1011102010221020
5000006050000060
10101011
1000100010201110
30003000
30000000
1110111011102220
1110111011102220
1110111010000000
1001101011102020
1001101011102020
1001101011102020
1001101011102020
1001102011102022
1001102011101110
1001102011102022
1001102011101110
1001101011102020
1001101011102020
1001101011102020
1001101011102020
1001102011102022
1001102011102022
1001102011102020
1110111011101011
1000100010111020
1020101110111020
1020101110111020
5000006050000060
1000102010111020
1020101110111020
30223022
30000000
1110111011111020
1110111011111020
1110111011111020
3
