00000000
00000000
00000000
00000000
10000000
10001000
10000000
10000000
10001000
10001010
10001000
10000000
30000000
30000000
10001000
10001000
10001000
10000000
10001000
10101000
10001000
10101000
10101000
30000000
10101000
30000000
10001000
10101000
10001000
10101000
10001000
30303000
10001000
30303000
10101000
10102000
10101000
30303030
10101000
10102000
30003000
30000000
10001010
10001010
10002000
10001000
10101000
10001000
10101000
10101000
30000000
10101000
40000000
10001000
10101000
10001000
10101000
10001000
30303000
10001000
40404000
10101000
10102000
10101000
30304040
10101000
10102000
30003000
30000000
00000000
10001010
10003000
30000000
